415,9,427,9,450,9,464,9,487,9,504,9,521,9,521,21
9,11,165,10,165,23,9,25,9,25,9,25,9,25,9,25
407,25,419,25,444,25,461,25,481,25,505,25,522,25,522,37
9,28,162,28,162,44,9,44,9,44,9,44,9,44,9,44
378,41,401,41,426,41,451,41,473,41,502,41,525,41,525,53
9,47,158,47,158,61,9,61,9,61,9,61,9,61,9,61
208,56,327,52,328,71,209,75,209,75,209,75,209,75,209,75
289,81,457,81,457,96,289,96,289,96,289,96,289,96,289,96
10,82,114,82,114,96,10,96,10,96,10,96,10,96,10,96
10,105,126,105,126,119,10,119,10,119,10,119,10,119,10,119
9,126,50,126,50,140,9,140,9,140,9,140,9,140,9,140
196,129,222,128,277,126,331,126,361,126,414,126,440,126,441,140
35,146,61,146,164,148,243,147,337,146,430,146,457,145,457,160
9,166,15,165,23,165,27,164,33,166,40,165,46,166,47,176
9,199,24,198,40,196,58,196,74,196,94,198,108,198,107,211
19,215,38,216,64,217,97,217,128,215,160,216,180,215,179,226
455,215,462,215,469,215,478,215,486,215,495,216,502,217,500,229
46,236,69,234,111,233,163,232,196,233,233,233,256,233,256,246
16,252,39,251,63,249,102,250,132,250,167,250,190,249,189,263
457,250,501,250,501,264,457,264,457,264,457,264,457,264,457,264
44,269,70,268,102,269,157,266,180,266,215,267,242,268,242,283
9,285,338,285,338,300,9,300,9,300,9,300,9,300,9,300
454,286,462,286,469,285,478,285,486,286,497,286,502,287,500,297
43,302,66,302,111,300,161,300,196,301,238,302,265,303,264,317
6,598,13,598,24,598,36,599,43,600,51,599,60,600,59,612
348,600,365,600,394,597,428,598,456,598,482,597,505,596,505,610
11,621,18,621,32,621,46,621,63,621,77,621,89,622,89,634
369,620,493,621,493,636,369,634,369,634,369,634,369,634,369,634
362,730,377,731,390,731,402,731,416,729,427,731,442,734,441,748
10,749,30,749,61,749,108,749,130,749,167,749,186,749,186,760
